prince0,0,0,45,45
prince1,45,0,45,45
prince2,90,0,45,45
prince3,135,0,45,45
prince4,0,45,45,45
prince5,45,45,45,45
prince6,90,45,45,45
prince7,135,45,45,45
prince8,0,90,45,45
prince9,45,90,45,45
prince10,90,90,45,45
prince11,135,90,45,45
prince12,0,135,45,45
potion0,45,135,16,22
potion1,61,135,16,22
potion2,77,135,16,22
potion3,93,135,16,22
potion4,45,157,16,22
potion5,61,157,16,22
potion6,77,157,16,22
potion7,93,157,16,22
potion8,45,179,16,22
potion9,61,179,16,22
potion10,77,179,16,22
potion11,93,179,16,22
potion12,45,179,16,22
